-100 0
-99 25
-98 0
-97 0
-96 5
-95 0
-94 0
-93 2
-92 -1
-91 0
-90 1
-89 -1
-88 0
-87 1
-86 -2
-85 0
-84 1
-83 -3
-82 0
-81 0
-80 -9
-79 0
-78 0
-77 32
-76 0
-75 0
-74 5
-73 0
-72 0
-71 3
-70 -1
-69 0
-68 2
-67 -1
-66 0
-65 1
-64 -2
-63 0
-62 1
-61 -3
-60 0
-59 0
-58 -8
-57 0
-56 0
-55 45
-54 0
-53 0
-52 6
-51 0
-50 0
-49 3
-48 -1
-47 0
-46 2
-45 -1
-44 0
-43 1
-42 -2
-41 0
-40 1
-39 -3
-38 0
-37 0
-36 -7
-35 0
-34 0
-33 75
-32 0
-31 0
-30 6
-29 0
-28 0
-27 3
-26 -1
-25 0
-24 2
-23 -1
-22 0
-21 1
-20 -2
-19 0
-18 1
-17 -3
-16 0
-15 0
-14 -7
-13 0
-12 0
-11 225
-10 0
-9 0
-8 6
-7 0
-6 0
-5 3
-4 -1
-3 0
-2 2
-1 -1
0 0
1 1
2 -2
3 0
4 1
5 -3
6 0
7 0
8 -6
9 0
10 0
11 -225
12 0
13 0
14 7
15 0
16 0
17 3
18 -1
19 0
20 2
21 -1
22 0
23 1
24 -2
25 0
26 1
27 -3
28 0
29 0
30 -6
31 0
32 0
33 -75
34 0
35 0
36 7
37 0
38 0
39 3
40 -1
41 0
42 2
43 -1
44 0
45 1
46 -2
47 0
48 1
49 -3
50 0
51 0
52 -6
53 0
54 0
55 -45
56 0
57 0
58 8
59 0
60 0
61 3
62 -1
63 0
64 2
65 -1
66 0
67 1
68 -2
69 0
70 1
71 -3
72 0
73 0
74 -5
75 0
76 0
77 -32
78 0
79 0
80 9
81 0
82 0
83 3
84 -1
85 0
86 2
87 -1
88 0
89 1
90 -1
91 0
92 1
93 -2
94 0
95 0
96 -5
97 0
98 0
99 -25
